Logfile for mdp Value_Iteration_10x10_gamma_1.0
V(S) = 
| +9.593 || +9.639 || +9.684 || +9.728 || +9.773 || +9.801 || +9.773 || +9.729 || +9.684 || +9.639 |
| +9.632 || +9.678 || +9.727 || +9.776 || +9.824 || +9.859 || +9.824 || +9.776 || +9.727 || +9.684 |
| +9.676 || +9.726 || +9.776 || +9.826 || +9.876 || +9.917 || +9.876 || +9.826 || +9.776 || +9.729 |
| +9.720 || +9.772 || +9.824 || +9.876 || +9.927 || +9.977 || +9.927 || +9.876 || +9.824 || +9.773 |
| +9.745 || +9.801 || +9.859 || +9.917 || +9.977 || +0.000 || +9.977 || +9.917 || +9.859 || +9.801 |
| +9.720 || +9.772 || +9.824 || +9.876 || +9.927 || +9.977 || +9.927 || +9.876 || +9.824 || +9.773 |
| +9.675 || +9.725 || +9.776 || +9.826 || +9.876 || +9.917 || +9.876 || +9.826 || +9.776 || +9.728 |
| +9.627 || +9.675 || +9.726 || +9.776 || +9.824 || +9.859 || +9.824 || +9.776 || +9.727 || +9.684 |
| +9.571 || +9.622 || +9.675 || +9.725 || +9.772 || +9.801 || +9.772 || +9.726 || +9.678 || +9.639 |
| +9.491 || +9.571 || +9.627 || +9.675 || +9.720 || +9.745 || +9.720 || +9.676 || +9.632 || +9.593 |

Policy p(S) = 
|  RIGHT ||  RIGHT ||  RIGHT ||  RIGHT ||   DOWN ||   DOWN ||   DOWN ||   LEFT ||   LEFT ||   DOWN |
|   DOWN ||  RIGHT ||  RIGHT ||   DOWN ||   DOWN ||   DOWN ||   DOWN ||   DOWN ||   DOWN ||   DOWN |
|   DOWN ||  RIGHT ||  RIGHT ||  RIGHT ||   DOWN ||   DOWN ||   DOWN ||   DOWN ||   LEFT ||   DOWN |
|  RIGHT ||  RIGHT ||  RIGHT ||  RIGHT ||  RIGHT ||   DOWN ||   LEFT ||   LEFT ||   LEFT ||   LEFT |
|  RIGHT ||  RIGHT ||  RIGHT ||  RIGHT ||  RIGHT ||       ||   LEFT ||   LEFT ||   LEFT ||   LEFT |
|  RIGHT ||  RIGHT ||  RIGHT ||  RIGHT ||  RIGHT ||     UP ||     UP ||   LEFT ||   LEFT ||   LEFT |
|     UP ||  RIGHT ||  RIGHT ||     UP ||     UP ||     UP ||     UP ||     UP ||   LEFT ||     UP |
|     UP ||     UP ||     UP ||     UP ||     UP ||     UP ||     UP ||     UP ||     UP ||     UP |
|     UP ||     UP ||  RIGHT ||     UP ||     UP ||     UP ||     UP ||     UP ||     UP ||     UP |
|     UP ||  RIGHT ||  RIGHT ||  RIGHT ||     UP ||     UP ||     UP ||   LEFT ||   LEFT ||     UP |

Minimum length of path to goal: 10
Max total reward of path: 9.64
100 simulated runs of probabilistic agent results in: 
 Average pathlength: 12.76 
 Average reward: 9.529599999999995
